0
1.1266
5.1177
2.8969
15.244
2.3375
3.2165
4.948
1.0464
5.3476
12.579
1.023
7.9554
30.211
33.434
2.3164
1.5538
3.9872
6.8871
35.088
36.061
44.404
4.5579
4.3879
1.9877
10.707
29.903
29.94
31.237
38.073
58.48
63.694
19.531
42.373
44.025
64.971
11.521
14.633
34.722
62.112
90.09
11.947
13.941
20.946
36.101
40.983
60.606
66.667
72.396
73.725
29.674
27.473
11.99
32.449
43.009
7.3964
3.6153
11.765
1.81
1.5625
0.51771
2.849
13.177
2.2573
2.331
0.85837
1.3605
2.6042
21.739
0.95238
1.6051
6.135
1.3387
2.4543
