0.020439
0.19824
1.0859
1.2813
1.6265
1.6921
2.1199
2.4308
2.6329
3.5886
3.7756
3.8551
4.8326
4.9583
4.9914
4.9989
5.4306
6.0742
6.325
6.4702
6.4987
6.5138
6.5171
6.7365
6.9644
7.4675
7.5609
7.5625
7.5959
7.6099
7.6139
7.631
7.6467
7.6979
7.7215
7.732
7.7334
7.8202
7.8292
7.858
7.8741
7.8852
7.9689
7.9821
7.9863
8.014
8.0192
8.0357
8.0507
8.0547
8.0634
8.0971
8.1335
8.2169
8.2184
8.2211
8.3563
8.6329
8.7179
9.2704
9.9104
11.842
12.193
12.196
12.639
13.068
14.233
14.968
15.352
15.398
16.448
17.071
17.234
17.981
18.008
