5.6241
1.1266
5.1162
2.8975
15.24
2.3372
3.2171
4.9472
1.0464
5.347
12.585
1.023
7.9551
30.216
32.04
2.3166
1.5538
3.9867
6.8889
35.078
40.421
41.823
4.5583
4.3863
1.9877
10.717
10.765
29.956
33.479
34.643
58.548
63.579
19.547
42.46
47.801
48.634
11.527
11.836
34.729
61.965
90.76
11.939
12.426
12.593
36.169
37.969
60.884
66.343
70.972
83.97
29.629
27.525
11.985
12.04
12.137
7.3938
3.6153
11.766
1.8101
1.5625
0.51764
2.8521
2.8583
2.2558
2.3301
0.85896
1.3603
2.602
21.567
0.95272
1.6044
6.1343
1.3387
1.3505
