48.926
5.6241
1.1266
5.1162
2.8975
15.24
2.3372
3.2171
4.9472
1.0464
5.347
12.585
1.023
7.9551
30.216
30.432
2.3166
1.5538
3.9867
6.8889
35.078
35.667
35.8
4.5583
4.3863
1.9877
10.717
10.723
29.956
30.355
30.471
58.548
63.579
19.547
42.46
43.061
43.144
11.527
11.565
34.729
61.965
90.76
11.939
11.997
12.017
36.169
36.385
60.884
66.343
66.889
68.131
29.629
27.525
11.985
11.992
12.004
7.3938
3.6153
11.766
1.8101
1.5625
0.51764
2.8521
2.8529
2.2558
2.3301
0.85896
1.3603
2.602
21.567
0.95272
1.6044
6.1343
1.3387
1.3401
