0.17781
0.050968
0.10678
0.19484
0.13952
1
0.12079
1
1
1
0.026478
1
1
1
1
0.15671
1
0.035576
1
1
1
0.080158
1
0.17535
0.075734
1
0.036167
1
1
0.19829
1
0.19824
1
1
1
0.17064
1
0.13828
0.13767
1
1
1
1
0.032522
1
0.17793
1
1
0.06529
0.056442
0.03416
0.057343
0.096378
0.039485
0.1076
0.13783
0.090644
0.093797
0.047964
0.18477
1
0.014786
0.073154
0.037993
0.057659
0.084415
0.15221
0.1196
1
0.047677
0.10688
0.15536
0.036353
0.035795
1
0.048154
0.027934
1
1
1
0.02419
1
1
1
1
0.062627
0.031539
1
0.092814
0.18641
0.090766
1
1
1
0.030849
1
