0.17781,0.050968,0.10678,0.19484,0.13952,1,0.12079,1,1,1,0.026478,1,1,1,1,0.15671,1,0.035576,1,1,1,0.080158,1,0.17535,0.075734,1,0.036167,1,1,0.19829,1,0.19824,1,1,1,0.17064,1,0.13828,0.13767,1,1,1,1,0.032522,1,0.17793,1,1,0.06529,0.056442,0.03416,0.057343,0.096378,0.039485,0.1076,0.13783,0.090644,0.093797,0.047964,0.18477,1,0.014786,0.073154,0.037993,0.057659,0.084415,0.15221,0.1196,1,0.047677,0.10688,0.15536,0.036353,0.035795,1,0.048154,0.027934,1,1,1,0.02419,1,1,1,1,0.062627,0.031539,1,0.092814,0.18641,0.090766,1,1,1,0.030849,1,
1,0.11104,0.1032,1,1,1,0.13396,1,0.02481,1,1,0.027197,1,0.34967,1,0.10596,0.32542,1,1,1,0.36831,1,1,1,1,0.033669,0.047677,1,1,1,1,0.05849,1,1,1,1,0.27218,1,0.07598,1,1,1,1,1,1,1,1,1,0.03285,0.084786,1,0.21495,1,0.18379,1,0.14184,1,0.087009,1,0.093797,1,1,1,0.023795,0.051205,0.028016,0.16187,1,1,1,0.16915,0.12468,0.053565,1,1,0.037027,0.11363,0.30175,0.30068,1,0.13948,0.30175,1,0.30175,1,1,1,1,0.1896,1,1,0.034979,0.095518,1,0.034246,0.23904,
1,0.020603,1,1,1,0.43401,0.18702,1,0.22618,1,1,1,0.46055,1,1,0.045178,0.26132,1,1,0.44343,1,0.40484,1,1,0.3173,1,0.03521,0.47742,0.064307,1,1,0.21651,1,1,1,1,0.033996,0.37331,1,1,1,1,1,1,1,0.29528,1,1,1,0.13128,1,0.20777,1,1,1,0.067133,0.5088,1,1,1,0.53882,0.051937,0.40448,0.071229,0.10379,0.022528,1,0.22085,1,0.091258,0.2911,0.12007,0.20177,0.29551,1,0.15868,1,1,1,1,0.055206,1,0.47312,1,1,1,0.24527,0.4261,1,0.32325,1,1,0.2082,0.4259,0.062109,0.23089,
1,0.20001,1,1,0.61697,1,1,0.79793,1,0.78667,1,1,1,1,1,1,1,1,1,1,0.27721,1,1,0.46653,0.32333,1,1,1,1,1,1,0.27812,1,1,1,1,0.28139,1,0.5002,1,1,0.14897,1,1,1,1,1,1,1,0.29362,0.62332,0.19472,1,1,1,1,1,1,1,0.45744,1,1,1,0.33116,1,1,0.030761,1,1,0.14926,1,1,1,1,0.79961,0.37204,0.39563,1,1,0.65797,0.074393,1,1,1,0.12546,1,0.25477,1,0.43916,0.28442,1,1,0.20513,1,1,1,
1,0.051773,0.60714,0.80301,0.051036,1,0.52842,0.10367,1,0.085442,0.72269,0.49471,0.11768,1,0.89509,0.052428,1,1,0.032809,1,0.028057,1,1,1,0.083366,1,0.034037,1,1,1,0.96112,1,0.053445,1,1,1,0.11075,1,0.026223,0.89284,0.88165,1,0.96103,0.80875,0.83218,1,1,0.12939,0.035676,0.13881,0.11551,0.078233,1,1,1,0.4755,0.33869,1,0.71409,1,1,0.25599,1,0.10695,0.54562,1,1,1,1,0.024985,1,1,1,0.40382,0.048578,0.13256,0.20517,0.64783,1,1,1,0.64783,1,0.64783,0.17412,1,0.21487,1,1,0.056565,1,0.56975,1,0.40611,0.41377,0.43787,
0.88763,0.16642,0.27254,0.027975,0.2227,0.59146,1,1,1,1,0.033792,0.19534,1,1,0.25387,1,1,1,0.21213,1,0.060497,1,1,0.44392,1,1,0.32698,0.60837,0.43229,0.88755,0.064388,0.033587,1,1,1,1,1,1,0.098958,1,1,1,0.06447,1,1,1,1.0858,0.072949,1,0.20246,1,0.098414,1,1,0.99941,1,0.21491,1,0.24984,1,0.62021,0.27666,1,1,1,1,0.089712,1,1,0.21713,0.076349,1,1,0.3204,0.14405,0.12169,0.1305,1,1,1,0.058733,1,1,1,1,1,1,1,1,0.31602,1.0346,1,1,1,1,1,
0.19546,0.086056,0.03715,0.055214,0.074628,1,0.2952,0.39252,1,1,0.17133,1,0.29915,1,1,1,1,0.059965,0.062709,1,0.070614,0.76365,1.2049,1,1,0.05346,0.036037,0.25637,0.22319,0.12722,0.032235,1,0.40906,1.2164,1.2165,1,0.3747,0.72007,0.11391,0.041082,1,0.5328,1,0.0299,1,0.90218,0.13062,1,0.062504,0.045178,0.087367,0.12465,1,0.98332,1,0.11501,0.0922,1.118,1,0.04866,0.12714,0.037806,0.78053,0.018022,0.34271,0.64605,0.13201,0.86579,1,0.12276,1,0.89939,0.86158,0.064061,0.11411,1,0.10432,1,1,0.64388,0.24607,1,1,1,1,1.1539,0.45755,1,0.083721,0.17793,1,0.40616,0.42094,0.42725,0.031293,0.45215,
1,0.15571,1,0.15569,1,1,0.1187,1,0.036782,1,1,1,1,1,0.29237,1,1.0029,1,0.078151,0.034611,0.13705,1,1,1,0.58706,1,0.073932,1,1,0.06914,1,1,1,1,1,1,0.17817,1,1,1,1,1,0.51466,0.06616,1,0.16478,0.32374,1,0.041697,0.17337,1,0.085646,1,0.031662,0.38666,0.075816,0.1928,1,1,0.14795,1,1,1,0.053411,1,1,0.25477,0.03029,1,1,0.45443,0.1454,1,0.089906,0.22642,0.22196,1,1,1.1565,0.10527,0.073244,1,1.0798,1,0.57995,1,0.05278,1.0903,0.22049,1,1,1,0.057548,1,1,1,
0.065617,0.15738,0.38871,0.17154,1,1,1,0.40849,1,1,0.36708,1,1,1,0.29565,0.73785,1,0.27009,1,1,1,1,1,1,1,1,1,1,1,0.2347,1,1,1,0.4757,1,1.6197,1,1,0.49737,0.52903,1,1,0.046284,0.10293,1,1,1,0.637,1,0.3047,0.27762,0.057384,1,1,1,1,1,1,0.042885,1,1,0.27571,0.074424,0.1436,1,0.36319,1,1,1,0.03416,1,0.038256,1,1,1,1,1,1,1,1,0.057383,1,0.23736,1,1,1,1,1,1,1,1,1,0.15364,1,1,0.25968,
1,1,0.17781,1,1,1,0.59801,1,1,1,1,1,1,1,0.072785,1,1,0.34824,0.38301,1,1,1,1,1,1,1,1,1,1,1,1,1,1,1,1,1,1,1,0.048414,0.14635,1,0.63733,1,1,1,0.35713,1,1,1,0.065658,1,1,1,1,1,1,1,1,1,1,0.64417,0.1982,1,0.17658,1,1,1,0.38793,1,1,0.31539,1,1,1,1,1,1,1,1,1,0.23134,1,1,1,1,0.74444,1,1,1,1,1,1,1,1,0.55635,1,
0.42786,1,1,1,1,1,0.1912,1,0.53108,1,0.089333,1,1,1,1,0.48287,0.45367,1,1,1,1,0.059432,0.039362,1,1,1,0.56909,0.13709,1,0.39563,0.76691,1,1,1,0.82837,0.32956,1,1,0.29458,1,1,0.21627,1,0.33779,1,1,1,1,0.54058,1,1,0.46477,1,1,0.62615,1,1,1,0.51994,1,1,1,1,0.18121,1,1,1,0.19521,0.028836,0.17416,1,0.40378,1,0.043335,0.60051,1,1,1,1,1,1,1,1,1,1,0.22483,1,0.56786,1,1,1,1,1,1,0.15945,1,
1,1,1,0.097648,1.0342,1,1,1,1,1.2944,1,1,1,1,1,1,0.13656,0.098958,0.57675,0.96165,1,1,1,1,0.7795,1,1,1,1,0.19329,1,1,1,1,1,1,0.8792,1,0.12812,1,1,1,1,1,1,0.31355,1,0.65666,1,1,1,0.10599,2.2166,1,0.11436,0.053698,0.15049,1,0.1103,1,0.39927,1,1,0.034862,1.0224,1,1,0.1828,1,1,1,0.25964,1.0917,0.031445,0.27664,0.028135,0.93006,1.3696,1,1,0.066887,1.3696,0.59989,1.3696,0.0333,0.1654,1,0.31125,1,1,1.2702,1,1,1,0.031483,0.60665,
0.3108,0.72376,0.44663,0.026401,0.059596,1,0.036167,1,0.3627,0.16355,0.034939,1.3359,1,1,1,1,1,0.037847,1,0.90233,0.031047,1,0.49668,1.4318,0.13767,0.11256,0.36327,1,1,1,0.38809,1,1.226,1,0.50425,0.31457,1,1,0.11946,0.50163,1,1,1,0.077823,1,0.15417,1,1,1,0.68353,0.85823,0.082522,0.22176,1,0.1074,0.11792,1,1,1,1.0406,0.084359,0.13453,0.079093,0.044728,1,0.042762,0.9628,0.07811,0.23142,0.42315,0.5343,1,0.16793,1,0.26729,0.026624,0.037979,1,1,1,0.032071,1,0.090644,1,0.11432,1,1.0199,1,1,0.1085,1,1,0.72453,1,0.049277,1,
0.20218,0.13032,0.29274,1,1,1,0.1418,1,1,1,1,0.37126,1,1,1,1,0.36728,0.21639,1,1,1,1,1,1,1,1,0.1706,1,1,1,1,1,0.15358,1.0387,1,0.19317,1,1,1,1,1,1,1,1,1,1,1,0.048578,0.65875,1,1,0.14541,1,1,1,0.091988,1,1,1,1,1,1,1,1,0.32661,1,0.11469,0.051281,0.30015,1,0.24277,0.38277,0.14889,0.39718,1,0.067583,1,0.34214,1,1,1,0.34214,1,0.34214,1,1,1,1,1,0.13418,0.27631,1,1,1,1,1,
1,0.37447,0.16281,0.41615,1,1.9048,0.26443,1.0647,1,0.42373,0.40734,1,1,2.5128,0.99233,1,1,0.37003,1,1,1,0.71786,0.22114,1,0.38072,1,1,1,0.034898,1,0.45166,0.067829,1,1,0.15053,0.32489,0.10183,1,1,1,2.1083,1,1,1,1.9699,1,1.4075,0.23224,1,1,1,0.050012,1,1.4736,1,0.090098,1,1.5676,1,0.036167,1,0.27107,0.42659,1,0.12149,1,0.18718,0.13787,1,1,1,1,1,0.08196,0.57032,0.29573,0.34152,1,1,1,0.15524,1,1,1,0.44515,1,1,0.60043,1,1,0.066887,1,1,1,1,0.71102,
1,1,1,1,1,0.19067,1,0.27267,0.61644,0.2433,1,1,1,0.30957,0.37564,1,0.32268,1,1,1,0.55672,0.13136,1,0.55844,1,1,1,1,1,1,1,1,1,1,0.22659,0.21102,0.097033,1,1,1,1,1,1,1,1,1,1,1,1,1,0.60526,0.097435,1,1,1,0.11315,0.74018,1,1,1,1,0.26317,0.10543,1,0.36016,1,0.072465,0.070942,1,0.08835,0.29135,0.39731,1,0.26104,0.19738,0.077209,0.19235,1,1,1,1,1,1,1,1,0.78372,1,1,1,1,0.28586,0.086834,1,1.9154,1,0.069672,
1,0.2195,0.24887,0.027975,0.64986,1,1,1,1,1,0.31547,0.41902,1.8932,1,1,1.1234,1,1,1,1,1,1,0.078994,0.14004,1,1,1,1,1,1,0.32714,1,1,1,1,0.10604,0.14979,1,1,1,0.2469,1.1984,1,0.03928,1,1,0.42426,1,1,1,1,0.084641,0.86478,1,1,0.15204,1,1,1,0.036197,0.82321,1,0.15185,1,1,1,0.15656,1,1,0.2007,1,0.19804,1,0.15851,0.034324,0.33034,0.038625,0.63528,1,0.057876,1,0.63528,1,0.63524,0.38363,1,1,1,1.6965,1,0.22343,1,1,1,1,0.22167,
0.95567,0.32882,1,0.26947,0.24568,1,1,1,1,0.38391,1,1,1,1,1,1,1,1,1,1,1,1,0.075845,1,0.53837,1,1,1,1,1,0.27082,0.49262,1,1,1,1,0.215,1,1,0.97832,0.31375,1,1.9337,0.054804,1,1,1,1,1,0.81882,1,0.043212,1,0.57581,1,0.13304,1,1,1,0.065699,1,0.37578,1,1,1,1,1,0.40824,0.68943,1,0.46888,0.037642,0.63434,0.13185,1,0.1708,1,0.078683,1,0.075161,0.034283,0.028917,1,0.078724,0.037191,1,1.0212,0.46321,1,1,1,1,1,1,1,0.22343,
0.18702,1,1,0.11882,1,0.55553,1,0.69308,0.55312,0.30491,0.50524,1,1,0.14975,0.42905,1,0.028672,1,1,1.3767,0.54861,1,1,1,1,1.1896,1.1078,1,1,1.4353,1,1,0.9554,0.91291,1,1,1,1,0.045588,1,1,0.37875,1,0.082943,0.86933,1.169,1,1,1,0.23384,0.695,0.02902,0.36418,0.11899,1.3263,1,0.46186,1,1,0.20979,0.36216,0.26378,1,1.2066,0.085565,1.2944,0.11247,0.043961,1,0.0299,1,1,0.082243,0.27988,1,0.13205,1,1,1,0.041295,0.043008,1,0.076757,1,0.17019,1,1,1,1,0.98188,0.069006,0.53813,1.2676,1,1.2161,0.12714,
0.079462,0.066596,0.053493,0.061685,0.30319,0.19001,0.03203,0.2066,0.041533,0.065904,0.032556,0.66518,0.64347,1,0.25202,0.12665,1,0.80895,1.4629,0.21455,0.21594,1,1,1,1,0.061112,0.080363,1,1,1,0.36548,1,0.029204,1,1,1,1,2.7328,1,1,0.077946,1,0.21786,0.046039,0.063815,1,1,0.92601,0.071352,0.2129,0.091831,0.21217,0.04952,0.067419,0.08962,0.42049,0.30752,1,0.036864,0.11139,1,0.092956,1,0.027484,0.19496,0.022493,1,0.033259,0.10731,1,1,0.05804,0.073359,0.15855,0.57769,0.084991,0.56496,0.16007,1,0.066928,0.078077,0.54751,0.036126,0.16007,1,1,1,1,1,0.033382,0.035683,0.24899,0.20026,0.72285,0.07041,1,
1,0.16772,0.14709,1,0.11874,0.1957,0.22044,1,0.14877,1,0.060327,1,1,0.36438,0.29208,1,0.031252,1,0.28582,1,1,1,1,1,0.65433,1,1,1,1.0245,1,0.04866,0.67043,1,0.48037,1,1,1,1,0.13148,1,1,0.3857,1,0.19845,0.18153,0.28033,1,0.095968,0.067829,1,0.11137,0.2251,1,0.082411,1,0.32358,1,1.2672,1,0.10764,0.51552,0.037478,1,0.075448,0.098713,0.021422,0.14467,0.034078,0.060456,1,1,0.13903,1,1,0.12636,0.058081,0.30729,1,1,1,0.10929,1,1,1,0.10109,1,1,0.70102,1,1,1,0.2073,0.16453,1,0.14438,0.42078,
1,0.1486,0.13377,1,0.084868,1,1,1,0.053575,0.036864,0.15814,1,1,1,0.22917,0.31912,1,1,0.13194,1,1,1,1,1,1,1,0.53133,1,0.19473,0.092528,0.081182,0.061726,0.54599,1,1.0903,1,0.84045,0.36032,1,0.8939,0.35344,1,1,0.17306,1,1,1,1,0.15947,1,1,0.1509,1,1,0.29262,1,0.33816,0.033546,1,1,1,1,1.1469,1,0.26697,0.22257,1,1,1,0.11612,0.75701,0.094043,1,0.028549,1,1,0.1436,1,2.8795,0.34635,0.053222,1,1,1,1,1,0.75882,1,1,1,0.036436,0.12198,1,0.34848,1,0.18501,
1,1,1,1,1,1,1,1,1,0.079339,1,1,1,1,1,0.18313,0.4168,1,1,0.56528,1,1,1.1638,1.2701,1,1,1,1,1,1,1,0.31142,1,1,1,1,0.19869,1,1,0.2553,1,1,1,0.26865,1,1,1.0908,0.4014,1,1,1,1,1,1,1,1,1,1,1,1,1,1,1,0.24191,0.14745,1,1,1,1,0.11452,1,1,1,0.031047,1,1,0.10236,1,1,1,1,1,1,1,1,1,1,0.26783,1,0.48431,0.1697,1,1,1,0.35741,1,
1,0.3406,1,1,0.31781,0.65204,1,0.72118,1,0.3263,0.51281,0.039649,1,0.60231,0.28458,0.33226,0.21442,1,0.03158,0.1382,0.87146,0.14504,0.11668,0.085073,0.4842,0.77528,0.36506,1,1,1,1,1,0.029819,0.50274,1,1,0.17072,1,0.018391,1,0.073346,0.49278,1,0.096378,0.60866,0.69775,0.2032,0.21127,1,0.81749,0.50081,0.37295,1,0.60837,0.49602,0.026829,1,0.54267,0.089251,0.62033,0.047144,0.033833,1,0.26095,1,1,0.6051,1,1,1,1,0.58527,0.91582,0.1026,0.63655,0.55811,1,1,1,0.36864,0.040767,0.65404,1,1,0.6649,1.5239,0.41068,1,1,0.35037,1,0.52038,0.6026,1,0.26435,0.39997,
0.033095,0.1645,0.12941,0.075865,0.033423,0.087613,0.070655,0.28524,0.65268,0.064947,0.071311,0.028876,0.11944,1,1,0.048209,0.041697,1,0.049766,0.020689,0.12976,0.20558,1,1,0.047472,0.09007,0.12034,1,0.72244,1,1,0.4055,0.20681,1,1,1,0.16477,1,0.21729,0.32298,1,0.044277,1,0.21172,0.08069,0.14602,1,1,0.7326,0.081632,0.31002,0.0845,1.0487,0.043417,0.077086,1,0.61157,0.054927,0.062791,0.10387,0.18256,0.14942,1,0.037642,0.38747,0.11472,0.038994,0.016875,1,0.43446,1,0.16814,0.031662,0.11647,1,0.025885,0.064266,0.87592,0.63487,0.21201,0.017431,0.22184,1,0.87592,0.17584,0.10133,0.034447,0.49532,1,0.080148,0.044294,0.068116,1,0.69132,0.014664,1,
1,0.034382,0.20435,1,0.055091,1,0.026665,0.09897,1,1,0.051473,0.12759,0.10355,0.42004,1,0.17686,0.14655,1.3438,1,0.08601,0.083271,0.099614,1,0.3328,0.14704,0.17137,0.047899,2.9605,0.14025,0.79359,0.83463,1,0.05636,0.09646,1,1.8767,0.38285,1,0.074014,0.058531,0.37335,0.19407,1.3269,1,1,1,0.48857,0.45408,0.14111,0.040419,1,0.019106,1,1,1,0.41377,1,0.11178,0.078888,0.3382,0.045875,0.1413,0.10592,0.12263,0.23462,0.075448,0.065288,1,1,0.19104,1,0.18067,0.027393,1,0.49041,1,0.026869,1,1,0.24834,0.040876,1,1.2548,1,0.15495,1,0.29597,1,1,1,1,1,1,1,0.029696,1,
1,0.30875,0.17916,1,0.072457,1,1,0.097525,1,1,1,1,1,1,0.63999,1,1,1,1,0.23044,1,1,1,1,1,1,1,1,0.26284,0.12837,1,1,1,1,1,1,1,0.94797,1,1,1,0.11854,0.24412,1,1,1,1,1,1,1,1,0.075038,1,0.51843,1,0.05763,1,1,1,1,0.31457,0.19222,1,1,1,1,0.2582,1,1,0.12718,1,0.081632,1,1,1,0.43044,1,1,1,1,0.13896,1,1,1,0.10027,0.044441,1,1,1,1,1,0.41218,0.49844,1,1,0.4881,
0.43917,1,1,0.48893,1,1,1,0.2213,0.64319,1,0.49659,1,1,0.29446,0.083558,1,1,1,0.62132,0.22216,0.071638,1,0.81227,0.47079,1,1,1,1,0.071638,1,1,1,1,1,1,0.39305,1,0.27943,0.29483,1,1,1,1,1,1,1,0.09732,1,0.29421,1,1,0.11735,1,1,0.59268,0.22425,0.6563,1,1,1,1,0.23499,0.047144,0.44851,0.47251,1,0.10006,0.57751,1,0.1624,1,0.28491,0.37302,1,0.095641,0.088199,1,0.036249,1,1,0.029122,0.036208,1,0.036249,1,1,1,1,2.2676,1,0.06127,0.14754,1,1,1,0.239,
1,0.37154,1,1,1,0.58981,1,1,1,1,0.039198,1,1,1,1,1,0.65564,1,0.19575,1,1,0.50208,1,1,1,1,1,1,0.23511,1,0.62922,1,1,1,1.3311,1,1,1,1,0.64892,0.43286,0.36466,0.23548,1,0.6898,1,1,1,1,1,1,0.19386,0.69463,1,0.11731,1,1,1,1,1,1,1,0.2759,0.18415,1,0.45565,0.037109,0.063856,1,1,1,0.10322,1,1,0.19607,0.064429,1,0.043212,1,0.51523,0.052708,0.11288,1,0.11284,1,0.34058,0.53552,1,1,1,0.042106,1,1,1,1,1,
1,0.23609,1,1,1,1,0.78724,1,0.27394,1.0473,1,1,0.73654,1,0.41201,1,1,1,1,1,1,1,1,1,1,1,1,1,1,0.047472,1,0.14861,1,1,0.046951,0.40783,1,0.23269,0.17764,1,1,1,1,1,1,1,1,1,1,1,1,0.052797,1,1,1,1,0.34824,1,1,0.67538,1,1,1,1,1,0.23847,0.21651,0.31404,1,0.034406,1,0.2637,0.44007,0.89214,0.067665,0.13095,1,0.28979,1,1,1,0.28979,1,0.28979,1,1,1,0.0999,1,1,1,0.34608,1,1,1,1,
1,0.22597,1,1,1,1,1,1,1,0.089579,0.51785,1,0.22581,1,1,0.89747,1,1,1,0.47898,0.67489,1,1,1,1,0.16941,0.96148,1,1,1,0.432,0.19984,1,0.96222,1,1,1,1,0.18915,0.35762,1,1,1,1,1,1.0955,1,0.1561,1,1,1,0.2816,0.50323,1,1,1,1,1,1,1,1,1,1,1,1,1,1,0.095804,1.8924,0.25723,1,1,1,1,0.18424,1,1,1,1.0288,1,0.37478,1,1,1,1,1,0.32612,1,1,1,0.080936,0.27218,1,1,1,0.65146,
0.89448,0.071761,0.060047,0.031141,0.014863,1,0.046981,0.87481,1,1,0.14348,1,1,0.94563,1,0.035184,0.58604,0.057539,0.075202,0.28717,1,1,1,0.70369,1,0.10904,0.046899,1,0.62177,1,1,1,1.2301,1,1,1,1,0.57012,0.1307,1,1,0.059064,0.76078,1.557,1,1,1,1,0.038502,0.028385,1.2939,0.026419,0.16204,0.92581,0.76504,0.91659,0.43049,1.2229,1.2137,0.52015,0.91765,0.49558,0.55938,0.027513,0.70344,0.058613,0.3013,0.072171,0.054312,0.04313,1,0.047022,0.38381,0.059432,1,0.038429,0.028098,0.30003,1,0.68083,0.060211,0.30003,1.086,0.29999,1,0.6463,0.30511,1,1,1.5131,0.10953,0.05423,1,1,0.79657,1,
0.014498,0.047104,0.03203,0.01962,0.031151,1,0.066109,1,1,0.030965,0.14057,1.5391,1,0.21057,0.50626,0.1578,0.027074,0.082574,0.033833,1,1,0.13857,0.94027,0.21428,1.3169,0.16647,0.027607,1.3854,0.085565,0.61652,1,1,1,0.37421,1,1,1.2245,1,0.22057,0.36094,0.80457,1,1,0.083148,0.90066,1,1.0023,0.3337,0.029081,0.049602,0.1187,0.033166,1,1,1,0.034562,0.072949,1,0.16777,1,0.13381,0.039608,0.083633,0.048742,0.26413,0.12861,0.16961,0.037636,0.082493,0.3056,0.11929,0.11788,0.021135,1,0.55861,0.061255,0.13577,1,1,0.13988,0.19378,1,0.046653,1,0.022937,0.12444,1,1,1,0.012485,0.030889,1,1.2544,0.066273,0.01815,0.021872,
1,0.059654,0.045137,0.052551,0.093152,1.005,0.029327,0.0623,0.8146,1,0.20594,0.051896,0.63426,1,1,0.076103,0.045711,0.067174,0.14692,0.44703,1,0.10133,0.031608,0.15061,0.26734,0.11096,0.18559,0.06402,0.36122,0.037888,0.44273,0.55156,1,1,0.88845,1,1,1,1,1,1,1,0.39694,0.051486,1,0.68362,0.1314,1,0.070848,0.046778,0.31752,0.027197,0.44814,0.054927,0.14381,0.087653,0.13603,0.021053,0.01749,0.29874,0.25067,0.025594,0.15739,0.034013,0.054517,0.031457,0.047923,0.014008,0.085483,1,0.038571,0.028948,0.013198,0.015051,0.026201,0.016056,0.035307,0.3851,1,0.21471,0.059689,0.3851,0.026539,0.38514,0.12116,0.24326,1,0.094207,0.11231,0.17555,0.1048,0.43683,0.14066,1,0.063073,0.21606,
1,0.022281,0.037847,0.065535,0.11297,0.27784,0.049315,1,0.036864,0.45154,0.14905,0.10203,1,0.098183,0.38793,0.055582,0.2544,1,0.11575,0.068484,1,0.16466,0.066027,1,0.03756,1,0.24682,1,0.061603,1,1,1,1,1,1,1,0.47616,0.49717,0.27492,0.4184,1,1,0.20275,0.072058,0.35405,0.072908,1,1,0.027975,0.092896,1,0.089192,0.17996,0.20054,0.11917,0.11284,0.084172,0.051036,0.061644,0.035963,1,0.046161,0.20173,0.072007,0.096624,0.09818,1,0.02392,1,0.31133,0.069631,0.095641,0.11243,0.018935,0.078151,0.053002,1,1,1,1,0.069447,1,0.042448,1,1,1,0.14958,1,0.059432,0.10588,0.16671,0.087653,1,0.30958,0.063405,0.044687,
1,0.026829,1,1,1,1,1,1,1,0.11239,0.067956,1,1,1,0.18241,1,0.099286,1,0.077618,0.19607,1,0.33095,1,1,1,1,0.13767,1,1,1,0.42122,1,1,0.6017,1,1.0895,0.15587,0.15614,1,1,1,1,0.20701,1,0.17043,0.32793,1,1,0.17371,0.25415,1,0.068939,0.073359,0.23924,1,0.066191,0.046448,0.19652,0.1074,0.20713,0.41066,0.098188,0.085645,0.13975,1,0.30822,1,0.11727,1,1,0.10511,0.23675,1,1,1,1,1,1,1,0.34943,1,0.55508,1,0.55508,0.39516,1,0.050421,0.36958,0.057098,1,1,1,1,0.10506,1,1,
1,1,0.07426,1,1,1,0.41742,1,1,0.054312,0.042568,1,1,0.28172,0.24981,1,1,1,0.085483,1,1,1,0.056893,1,1,0.546,0.1194,1,1,1,1,0.63979,0.99532,1,1,0.31592,1,1,0.55521,1,1,1,1,1,1,1,0.65625,1,1,0.038912,0.58855,0.15237,1,0.18256,0.079503,1,0.27537,0.061071,0.31289,0.095559,0.079216,0.070815,0.079216,0.28477,0.4961,1,1,1,0.56803,0.52064,0.265,1,1,0.52817,1,0.24127,1,1,1,1,0.035522,1,1,1,1,0.56549,1,1,0.19394,0.52617,0.061398,1,1,1,0.1151,1,
1.0111,0.036208,0.037355,0.63951,0.56098,0.54448,0.18088,1,1,0.10903,0.028713,0.50077,1,0.13984,0.071311,0.58601,0.56205,0.023757,0.13291,0.032255,1,1,0.072178,0.90811,0.041574,0.041492,0.04395,1,1,0.68411,1,0.17834,0.065904,0.4884,1,1,0.48914,1,0.066802,1,1.1683,1.2326,0.25215,0.45056,1,0.050872,0.21799,0.95038,1,0.02534,0.25829,0.25514,0.36884,0.01749,0.096583,0.27726,0.072146,0.034201,0.050667,0.25622,1,0.1416,0.053125,0.070907,0.046202,0.25985,0.5929,0.047063,0.036782,0.17621,0.089017,0.02261,0.066848,0.048188,1,0.038953,1,1,1,0.52449,0.030474,1,0.088309,1,0.33685,0.3242,0.4651,0.086097,1,0.028221,0.28397,0.62066,0.89235,0.027975,0.074096,0.073768,
0.021739,0.062013,0.071311,0.061276,0.057789,0.079052,1,0.077659,0.054968,1,0.042721,0.05006,0.032993,0.038379,0.037478,0.046694,0.10633,0.052551,0.10494,0.086138,1,0.043951,0.13795,0.055295,0.052551,0.05935,0.078806,0.12837,0.10568,1,1,0.10568,0.045844,0.13848,1,0.032276,0.038953,0.71114,0.12669,0.80338,0.076308,0.077536,1,0.024371,0.58025,1,1,1,0.58068,0.17187,0.11022,0.033136,0.17654,0.034693,0.061153,0.043061,1,0.04694,0.099696,0.035612,0.40575,1,0.04354,0.047275,0.073727,0.31445,0.13172,0.047534,1,0.11529,0.056598,1,0.16634,0.096359,0.76193,0.032358,1,1,1,0.016343,0.025449,1,1,0.53239,0.018283,0.081632,0.023905,0.028262,0.12149,0.032121,1,0.030588,0.11934,0.05976,0.20291,0.062709,
0.093749,0.04064,0.072048,1,0.073513,0.045219,0.086176,0.099573,0.024494,0.071311,0.08794,0.031703,0.01985,0.088759,0.038373,0.023098,0.19772,0.084459,0.034306,0.031908,1,1,0.056975,1,1,0.096932,0.05763,0.074792,0.061112,0.026542,0.89718,0.078806,0.1588,0.30036,0.06488,0.21668,0.070082,1,0.060948,1,0.31867,0.36581,0.061603,1,1,0.035225,0.45375,1,1,0.11465,0.042324,0.035102,1,1,0.17441,0.027548,0.17228,0.036577,0.1325,0.217,0.1425,0.035635,0.044318,0.047677,1,1,0.30395,0.14635,0.4398,0.26747,0.03437,0.11056,0.039485,0.047938,1,0.024631,1.0325,1,1.827,0.020493,0.033751,1,0.33452,1,0.10143,0.061767,0.011977,0.11792,0.060163,0.032412,0.078192,0.045752,0.012322,0.03203,1,1,
0.036331,0.080854,0.17789,1,0.086911,1,1,0.06565,0.030884,0.030187,0.030924,0.056895,0.042594,0.062817,0.013419,0.042672,0.11321,0.033177,0.016219,0.12951,1.8875,0.32132,0.14233,0.043089,1,0.054136,0.1964,0.024985,0.19063,0.050257,1,0.088473,1,1,0.1452,0.26018,1,0.35254,1,1,1,1,0.18669,0.036618,1,1,1,1,0.10039,0.021309,0.19093,0.059678,0.37986,0.53002,0.30679,0.15878,0.12042,1,0.06914,1,0.031211,0.035881,0.087194,0.10473,0.33804,0.029286,0.080731,0.1212,0.064056,0.15774,1,1,0.14877,0.04344,1,0.033259,0.052182,1.4285,1,0.017213,0.031744,0.87346,0.067174,0.34107,0.047315,0.043745,0.020074,0.038379,0.10981,0.027634,0.1144,0.042106,0.053128,0.044523,0.024821,1,
0.13525,0.10027,0.21094,0.54268,0.033464,0.13484,0.095313,1,0.205,0.045265,0.052387,0.0256,0.039813,0.032481,0.088227,0.052387,0.18235,0.065535,0.035009,0.080977,0.17727,0.23912,1,0.24672,1,0.17518,0.085319,0.031567,0.30265,0.047063,0.42164,0.15194,1,1,1,0.080977,0.060661,0.10178,0.37118,0.56008,1,1,1,0.28381,0.69488,0.2177,1,0.84172,0.052019,0.2757,0.16908,0.22618,0.14973,1,0.21131,1,1,0.49815,0.15642,1,1,0.070614,0.23261,0.21852,1,1,0.10281,0.10793,1,0.2184,1,1,1,0.097013,1,0.036208,0.039567,1,1,0.031859,0.15937,1,1,1,0.012751,1,0.022309,1,1,0.010277,1,0.075734,0.051691,0.026829,0.1083,0.059391,
1,0.041697,0.28827,1,0.16392,1,1,1,0.20832,0.15106,1,0.041638,0.063774,0.037765,0.23498,0.064355,0.31879,0.037191,0.036784,0.029409,0.24244,1,1,0.11682,0.90578,1,0.30859,1,0.2433,0.25755,0.11133,1,1,0.46661,1,0.20255,1,0.23011,0.014459,1,0.11682,1,0.33038,1,1,0.074546,1,1,0.030761,0.11149,0.027893,0.065044,1,0.04216,1,0.071437,0.46493,0.12534,0.28598,0.659,1,1,0.12681,0.029696,1,1,0.060129,0.21316,1,0.058081,0.70516,1,0.080117,0.063283,1,0.04327,0.20381,0.46567,1,0.049643,0.085155,0.46571,1,0.076103,0.20869,1,0.011592,0.36794,0.314,0.056401,0.25453,0.12468,0.20916,0.046858,0.11207,0.082984,
0.08495,0.32649,1,0.40455,1,0.34848,0.27902,1,0.28532,1,0.10404,0.12927,0.27033,1,0.11891,0.044819,0.1749,0.091176,1,1,0.1339,0.53268,1,0.24596,1,0.050585,1,0.40689,0.050462,0.047063,0.1749,0.40669,1,0.062136,0.69869,1,1,0.042229,0.08708,0.46034,0.14967,1,0.29589,0.3252,0.36266,0.027443,1,0.44781,0.076267,0.075161,0.17322,1,0.32493,0.12222,0.038174,0.19321,0.14008,0.22855,1,0.065412,0.66719,0.075567,0.30064,1,1,0.59252,1,0.22536,0.64114,0.31391,0.025056,1,0.25332,0.10481,1.1426,0.055377,0.041615,0.23785,0.89259,1,0.041025,1,1,0.056606,1,1,0.2082,1,1,0.063733,1,0.059309,1,0.019783,0.03961,0.1509,
1,0.050094,1,1,1,0.25305,0.23744,0.065576,1,0.36921,1,1,0.10277,1,1,0.27013,1,0.038092,0.23179,1,0.38588,1,1,1,1,0.10224,0.43876,0.24129,0.1842,1,0.22483,1,1,0.1842,0.22475,1,1,0.084327,0.073441,0.2947,0.10273,0.83508,0.18088,1,1,1,1,1,0.11145,1,0.13398,0.29736,0.27357,0.17011,0.20742,0.1219,1,0.10703,1,0.31572,0.17378,1,0.093019,0.35991,0.15397,1,0.35438,0.14623,1,0.30334,1,0.93285,0.19087,0.059994,0.19841,1,1,0.054015,1,0.46825,0.039014,0.15544,1,0.054055,0.42819,1,0.258,1,1,0.063133,0.49137,0.23027,1,0.23687,0.13242,1,
1,0.056197,1,0.43958,1,1,1,0.19243,1,0.075898,0.25238,0.49381,0.37843,0.60309,1,1,0.083598,0.076144,0.27538,0.040345,0.11895,0.2841,1,1,1,0.17171,1,0.24056,0.16321,0.39882,0.095477,1,1,1,1,1,0.90046,0.1957,0.047718,0.14365,1,0.2879,1,0.04707,0.31133,1,1.1112,0.34713,1,1,0.16843,0.019579,0.058204,1,0.026665,0.2261,0.3634,1,0.082206,0.045424,0.071393,1,0.077496,0.080479,0.067378,1,1,0.2068,0.043868,0.054886,1,1,0.04993,0.11567,1,1,0.3763,1,1,0.04096,0.062508,1,1,1,0.32788,1,1,1,1,0.042229,0.03234,0.11751,1,0.040437,1,0.4737,
0.5525,0.058572,1,1,0.69,1,1,0.31264,1,0.21575,1,1,1,1,0.68087,1,1,1,1,0.084909,0.21352,1,1,1,1,1,1,1,0.20013,1,1,0.035922,1,1,0.37625,1,0.12583,0.34742,0.098016,1,1,0.157,1,0.02805,0.29364,1,0.14123,0.21016,1,0.45473,1,0.039895,0.22655,1,0.086711,1,1,0.3883,1,0.10147,0.040673,1,1,0.029778,0.069795,0.45596,0.12099,1,1,0.04608,1,1,1,0.15814,0.082329,1,1,0.51273,1,1,0.095395,0.35729,1,0.51273,1,1.2522,1,0.092077,1,0.12382,1,0.053166,0.14365,1,0.55865,0.055951,
1,0.084337,1,0.33825,0.046858,0.57581,1,1,1,1,1,1,1,1,0.060333,0.56569,0.32071,1,0.084622,1,1,1,1.3746,1,0.88414,1,1,1,0.2152,1,1,0.17133,1,1,0.23056,1,1,1,1,1,1,1,0.63717,1,0.18907,0.82861,0.33038,1,1,0.29221,0.44548,0.028411,0.11526,1,0.09261,0.063965,1,1,1,0.032276,0.068525,0.61329,0.4091,0.055219,0.16539,1,0.015073,0.37404,0.41173,0.053206,0.77277,0.64372,0.15241,0.042557,0.10023,0.12165,1,0.15294,1,1,0.046899,0.15294,1.4256,0.15294,0.24322,0.26378,0.040026,1,1.0637,0.080527,0.34648,0.22129,1,1,1,0.28586,
1,0.1239,1.1326,1,0.025313,1,0.097804,0.037806,1,0.49422,1,0.5004,1,1,0.15663,1,1,0.53018,1,0.22925,1,0.6071,0.097852,1.0324,0.043294,1,0.74837,1,0.0734,0.606,1,0.17019,0.050092,0.043499,0.051404,1,0.11829,1,0.1264,1,0.9476,1,1,0.46489,0.18223,0.15384,0.13492,1,0.76316,1,1,0.12263,0.26743,0.031457,1,0.17887,1,0.13838,0.54452,0.10213,0.086752,0.36438,1,0.11571,0.025845,0.039735,0.070123,1,1,0.18857,1,0.021504,0.061873,0.076594,1,0.092466,0.70035,1,1.0481,1,0.066939,1,0.26968,1,0.2689,0.033054,1,1,0.18366,1,0.03969,0.2141,1,0.64782,1,0.21442,
0.63999,1,0.15847,0.17568,0.24772,1,0.03801,0.13413,1.1461,0.13001,1,1,1,1,1,1,0.29851,1,1,1,0.54509,1,1,0.22749,1,1,0.043376,1,0.10991,1,1,1,0.02732,0.14197,1,1.3005,1,1,0.045076,1,1,1,1,0.13197,1,0.031047,0.1817,0.60862,1,0.088882,0.37326,0.10199,0.12476,1,1,0.023142,1,0.11756,0.10256,1,0.067788,1,0.030392,0.037806,0.0999,0.10864,0.057589,1,0.082574,0.071925,0.33398,0.029895,0.1416,0.17776,1,1,0.14234,1,1,1,0.04055,0.4619,1,1,0.11149,1,1,1,1,0.48783,0.022409,1,0.13607,0.21278,1,0.045178,
