0.0204388258175641,
0.198244322311893,
0,
0,
0,
0,
1.08587918011654,
1.28133825166469,
0,1.62646359480641,
1.69208082732212,
0,2.11994450383145,
0,2.43074572671549,
2.63292216814261,
0,
0,
0,
3.58859087328847,
3.77561227337492,
3.85507384081438,
0,
0,
0,
0,
4.83257399654212,
4.95827891935915,
4.99137425262734,
0,
0,
5.43054277003012,
0,
0,
0,
6.32501787581532,
6.47017859465859,
6.49868645593006,
6.51375957804339,
6.51707730332055,
0,
0,
0,
0,
7.56085004468423,
7.56248842758123,
7.60991961028685,
7.61393364815967,
7.63101378917327,
7.64674226438274,
7.69790076819663,
7.72145252157361,
7.73197913119975,
7.73341271617664,
7.82016508717243,
7.82917619270302,
7.85801173060736,
7.87414980130961,
7.88516792578184,
7.98207826994985,
7.98633806527005,
8.01398577541568,
8.01922860036848,
8.03565338821682,
8.05072651018645,
8.0546176693997,
8.0633420580175,
8.09713370358349,
8.13346484279555,
8.21689948838093,
8.22103640508067,
8.35628490771887,
0,
8.63292584787996,
8.71787599778645,
0,
0,
9.27037964793772,
0,
0,
9.91037293997806
