0.0000 
1.1266 
5.1177 
2.8969 
15.2439 
2.3375 
3.2165 
4.9480 
1.0464 
5.3476 
12.5786 
1.0230 
7.9554 
30.2115 
33.4340 
2.3164 
1.5538 
3.9872 
6.8871 
35.0877 
36.0608 
44.4036 
4.5579 
4.3879 
1.9877 
10.7066 
29.9033 
29.9401 
31.2366 
38.0730 
58.4795 
63.6943 
19.5313 
42.3729 
44.0249 
64.9706 
11.5207 
14.6329 
34.7222 
62.1118 
90.0901 
11.9474 
13.9415 
20.9463 
36.1011 
40.9825 
60.6061 
66.6667 
72.3958 
73.7254 
29.6736 
27.4725 
11.9904 
32.4490 
43.0091 
7.3964 
3.6153 
11.7647 
1.8100 
1.5625 
0.5177 
2.8490 
13.1766 
2.2573 
2.3310 
0.8584 
1.3605 
2.6042 
21.7391 
0.9524 
1.6051 
6.1350 
1.3387 
2.4543 
